$ANSIBLE_VAULT;1.1;AES256
37323233633832303933386130383235646161636339343736323632633162313031313564393164
3033326664653065623665646230313638323233303563300a663033613736616362643331313665
62376135323430646435336230656537663064336239616530366538616134613233363363356463
6439616264346233330a623437396662353738663462653033383363346163343037313233633536
37653663353965626162376130343265396436336333396462633566653734656162373632386362
32643230633465646236333737353264666562303835343332306364306639303431303439613431
36313839333839393830646530326138313763643461303363383432353139663938376331333265
66313430343931623739366666303336626361643037363236623662613532616266636662373630
64373464303132353136316239386163663830643038663966633334663630386433343335373164
65633535363462333466323566396238366339623964363363346634356262376164373931613731
65316334373131653235643861623062336239656261656135343361333565303830363239343963
32383830313364643062353634343565376362623931366566636434323638376132663330313136
62633231643437336636616139346130356333383065663737303664363039376632343064666265
34303163373862663762353430653131613134333263333662633233333561666363646463343436
33383361353166623936396235643162613132343936626561616338393066666263666361363761
32616663323063353638356335616637656535356638356437373138396237633739623531303762
31643539666634346330373364346439356535373032313436373937613731323038353665303335
65306662353135316433353831316161633437663232383332623062393838623238626139653935
64343134656365363237366437363832343332633736656663373535633836646434333363653265
66353431353963386635646566343134376464306533336536653834646666653231653334353131
37643138353064346265306235336433306433653733343737383762353630346361303238336332
65356562363365303531613733306261353336326232333033633261336465613464393338393439
38656633633234323735383137393066616434376134376566366136353132316232303538643534
37306465356163346161
